#----------------------------------------
# teapot.blend > Teapot
# 1536 vertices, 1176 faces
# bounding box ( -3.000000, 3.433800 ) ( -2.000000, 2.000000 ) ( 0.000000, 2.496400 )
# size ( 6.433800, 4.000000, 2.496400 )
#----------------------------------------
w   -3.643380   -2.400000    4.077180    2.400000
s    0.100000    0.100000    0.900000    0.900000
v    0.000000    1.500000    2.400000
v    0.000000    1.471500    2.448200
v    0.000000    1.441900    2.480400
v    0.000000    1.414700    2.496400
v    0.000000    1.393400    2.496400
v    0.000000    1.381600    2.480400
v    0.000000    1.382600    2.448200
v    0.000000    1.400000    2.400000
v    0.347600    1.461000    2.400000
v    0.341000    1.433200    2.448200
v    0.334100    1.404400    2.480400
v    0.327800    1.377900    2.496400
v    0.322900    1.357200    2.496400
v    0.320100    1.345600    2.480400
v    0.320400    1.346600    2.448200
v    0.324400    1.363600    2.400000
v    0.664700    1.349600    2.400000
v    0.652100    1.323900    2.448200
v    0.639000    1.297300    2.480400
v    0.626900    1.272800    2.496400
v    0.617500    1.253700    2.496400
v    0.612200    1.243000    2.480400
v    0.612700    1.243900    2.448200
v    0.620400    1.259600    2.400000
v    0.943000    1.174100    2.400000
v    0.925100    1.151800    2.448200
v    0.906500    1.128600    2.480400
v    0.889400    1.107400    2.496400
v    0.876000    1.090700    2.496400
v    0.868600    1.081400    2.480400
v    0.869200    1.082200    2.448200
v    0.880200    1.095800    2.400000
v    1.174100    0.943000    2.400000
v    1.151800    0.925100    2.448200
v    1.128600    0.906500    2.480400
v    1.107400    0.889400    2.496400
v    1.090700    0.876000    2.496400
v    1.081400    0.868600    2.480400
v    1.082200    0.869200    2.448200
v    1.095800    0.880200    2.400000
v    1.349600    0.664700    2.400000
v    1.323900    0.652100    2.448200
v    1.297300    0.639000    2.480400
v    1.272800    0.626900    2.496400
v    1.253700    0.617500    2.496400
v    1.243000    0.612200    2.480400
v    1.243900    0.612700    2.448200
v    1.259600    0.620400    2.400000
v    1.461000    0.347600    2.400000
v    1.433200    0.341000    2.448200
v    1.404400    0.334100    2.480400
v    1.377900    0.327800    2.496400
v    1.357200    0.322900    2.496400
v    1.345600    0.320100    2.480400
v    1.346600    0.320400    2.448200
v    1.363600    0.324400    2.400000
v    1.500000   -0.000000    2.400000
v    1.471500   -0.000000    2.448200
v    1.441900   -0.000000    2.480400
v    1.414700   -0.000000    2.496400
v    1.393400   -0.000000    2.496400
v    1.381600   -0.000000    2.480400
v    1.382600   -0.000000    2.448200
v    1.400000   -0.000000    2.400000
v   -1.500000   -0.000000    2.400000
v   -1.471500   -0.000000    2.448200
v   -1.441900   -0.000000    2.480400
v   -1.414700   -0.000000    2.496400
v   -1.393400   -0.000000    2.496400
v   -1.381600   -0.000000    2.480400
v   -1.382600   -0.000000    2.448200
v   -1.400000   -0.000000    2.400000
v   -1.461000    0.347600    2.400000
v   -1.433200    0.341000    2.448200
v   -1.404400    0.334100    2.480400
v   -1.377900    0.327800    2.496400
v   -1.357200    0.322900    2.496400
v   -1.345600    0.320100    2.480400
v   -1.346600    0.320400    2.448200
v   -1.363600    0.324400    2.400000
v   -1.349600    0.664700    2.400000
v   -1.323900    0.652100    2.448200
v   -1.297300    0.639000    2.480400
v   -1.272800    0.626900    2.496400
v   -1.253700    0.617500    2.496400
v   -1.243000    0.612200    2.480400
v   -1.243900    0.612700    2.448200
v   -1.259600    0.620400    2.400000
v   -1.174100    0.943000    2.400000
v   -1.151800    0.925100    2.448200
v   -1.128600    0.906500    2.480400
v   -1.107400    0.889400    2.496400
v   -1.090700    0.876000    2.496400
v   -1.081400    0.868600    2.480400
v   -1.082200    0.869200    2.448200
v   -1.095800    0.880200    2.400000
v   -0.943000    1.174100    2.400000
v   -0.925100    1.151800    2.448200
v   -0.906500    1.128600    2.480400
v   -0.889400    1.107400    2.496400
v   -0.876000    1.090700    2.496400
v   -0.868600    1.081400    2.480400
v   -0.869200    1.082200    2.448200
v   -0.880200    1.095800    2.400000
v   -0.664700    1.349600    2.400000
v   -0.652100    1.323900    2.448200
v   -0.639000    1.297300    2.480400
v   -0.626900    1.272800    2.496400
v   -0.617500    1.253700    2.496400
v   -0.612200    1.243000    2.480400
v   -0.612700    1.243900    2.448200
v   -0.620400    1.259600    2.400000
v   -0.347600    1.461000    2.400000
v   -0.341000    1.433200    2.448200
v   -0.334100    1.404400    2.480400
v   -0.327800    1.377900    2.496400
v   -0.322900    1.357200    2.496400
v   -0.320100    1.345600    2.480400
v   -0.320400    1.346600    2.448200
v   -0.324400    1.363600    2.400000
v    0.000000    1.500000    2.400000
v    0.000000    1.471500    2.448200
v    0.000000    1.441900    2.480400
v    0.000000    1.414700    2.496400
v    0.000000    1.393400    2.496400
v    0.000000    1.381600    2.480400
v    0.000000    1.382600    2.448200
v    0.000000    1.400000    2.400000
v    0.000000   -1.500000    2.400000
v    0.000000   -1.471500    2.448200
v    0.000000   -1.441900    2.480400
v    0.000000   -1.414700    2.496400
v    0.000000   -1.393400    2.496400
v    0.000000   -1.381600    2.480400
v    0.000000   -1.382600    2.448200
v    0.000000   -1.400000    2.400000
v   -0.347600   -1.461000    2.400000
v   -0.341000   -1.433200    2.448200
v   -0.334100   -1.404400    2.480400
v   -0.327800   -1.377900    2.496400
v   -0.322900   -1.357200    2.496400
v   -0.320100   -1.345600    2.480400
v   -0.320400   -1.346600    2.448200
v   -0.324400   -1.363600    2.400000
v   -0.664700   -1.349600    2.400000
v   -0.652100   -1.323900    2.448200
v   -0.639000   -1.297300    2.480400
v   -0.626900   -1.272800    2.496400
v   -0.617500   -1.253700    2.496400
v   -0.612200   -1.243000    2.480400
v   -0.612700   -1.243900    2.448200
v   -0.620400   -1.259600    2.400000
v   -0.943000   -1.174100    2.400000
v   -0.925100   -1.151800    2.448200
v   -0.906500   -1.128600    2.480400
v   -0.889400   -1.107400    2.496400
v   -0.876000   -1.090700    2.496400
v   -0.868600   -1.081400    2.480400
v   -0.869200   -1.082200    2.448200
v   -0.880200   -1.095800    2.400000
v   -1.174100   -0.943000    2.400000
v   -1.151800   -0.925100    2.448200
v   -1.128600   -0.906500    2.480400
v   -1.107400   -0.889400    2.496400
v   -1.090700   -0.876000    2.496400
v   -1.081400   -0.868600    2.480400
v   -1.082200   -0.869200    2.448200
v   -1.095800   -0.880200    2.400000
v   -1.349600   -0.664700    2.400000
v   -1.323900   -0.652100    2.448200
v   -1.297300   -0.639000    2.480400
v   -1.272800   -0.626900    2.496400
v   -1.253700   -0.617500    2.496400
v   -1.243000   -0.612200    2.480400
v   -1.243900   -0.612700    2.448200
v   -1.259600   -0.620400    2.400000
v   -1.461000   -0.347600    2.400000
v   -1.433200   -0.341000    2.448200
v   -1.404400   -0.334100    2.480400
v   -1.377900   -0.327800    2.496400
v   -1.357200   -0.322900    2.496400
v   -1.345600   -0.320100    2.480400
v   -1.346600   -0.320400    2.448200
v   -1.363600   -0.324400    2.400000
v   -1.500000   -0.000000    2.400000
v   -1.471500   -0.000000    2.448200
v   -1.441900   -0.000000    2.480400
v   -1.414700   -0.000000    2.496400
v   -1.393400   -0.000000    2.496400
v   -1.381600   -0.000000    2.480400
v   -1.382600   -0.000000    2.448200
v   -1.400000   -0.000000    2.400000
v    1.500000   -0.000000    2.400000
v    1.471500   -0.000000    2.448200
v    1.441900   -0.000000    2.480400
v    1.414700   -0.000000    2.496400
v    1.393400   -0.000000    2.496400
v    1.381600   -0.000000    2.480400
v    1.382600   -0.000000    2.448200
v    1.400000   -0.000000    2.400000
v    1.461000   -0.347600    2.400000
v    1.433200   -0.341000    2.448200
v    1.404400   -0.334100    2.480400
v    1.377900   -0.327800    2.496400
v    1.357200   -0.322900    2.496400
v    1.345600   -0.320100    2.480400
v    1.346600   -0.320400    2.448200
v    1.363600   -0.324400    2.400000
v    1.349600   -0.664700    2.400000
v    1.323900   -0.652100    2.448200
v    1.297300   -0.639000    2.480400
v    1.272800   -0.626900    2.496400
v    1.253700   -0.617500    2.496400
v    1.243000   -0.612200    2.480400
v    1.243900   -0.612700    2.448200
v    1.259600   -0.620400    2.400000
v    1.174100   -0.943000    2.400000
v    1.151800   -0.925100    2.448200
v    1.128600   -0.906500    2.480400
v    1.107400   -0.889400    2.496400
v    1.090700   -0.876000    2.496400
v    1.081400   -0.868600    2.480400
v    1.082200   -0.869200    2.448200
v    1.095800   -0.880200    2.400000
v    0.943000   -1.174100    2.400000
v    0.925100   -1.151800    2.448200
v    0.906500   -1.128600    2.480400
v    0.889400   -1.107400    2.496400
v    0.876000   -1.090700    2.496400
v    0.868600   -1.081400    2.480400
v    0.869200   -1.082200    2.448200
v    0.880200   -1.095800    2.400000
v    0.664700   -1.349600    2.400000
v    0.652100   -1.323900    2.448200
v    0.639000   -1.297300    2.480400
v    0.626900   -1.272800    2.496400
v    0.617500   -1.253700    2.496400
v    0.612200   -1.243000    2.480400
v    0.612700   -1.243900    2.448200
v    0.620400   -1.259600    2.400000
v    0.347600   -1.461000    2.400000
v    0.341000   -1.433200    2.448200
v    0.334100   -1.404400    2.480400
v    0.327800   -1.377900    2.496400
v    0.322900   -1.357200    2.496400
v    0.320100   -1.345600    2.480400
v    0.320400   -1.346600    2.448200
v    0.324400   -1.363600    2.400000
v    0.000000   -1.500000    2.400000
v    0.000000   -1.471500    2.448200
v    0.000000   -1.441900    2.480400
v    0.000000   -1.414700    2.496400
v    0.000000   -1.393400    2.496400
v    0.000000   -1.381600    2.480400
v    0.000000   -1.382600    2.448200
v    0.000000   -1.400000    2.400000
v    0.000000    2.000000    0.900000
v    0.000000    1.985400    1.097200
v    0.000000    1.944600    1.302300
v    0.000000    1.881900    1.514000
v    0.000000    1.801700    1.730900
v    0.000000    1.708500    1.951700
v    0.000000    1.606400    2.175200
v    0.000000    1.500000    2.400000
v    0.463400    1.948000    0.900000
v    0.460100    1.933800    1.097200
v    0.450600    1.894000    1.302300
v    0.436100    1.833000    1.514000
v    0.417500    1.754900    1.730900
v    0.395900    1.664000    1.951700
v    0.372200    1.564600    2.175200
v    0.347600    1.461000    2.400000
v    0.886300    1.799400    0.900000
v    0.879800    1.786300    1.097200
v    0.861700    1.749600    1.302300
v    0.834000    1.693200    1.514000
v    0.798400    1.621000    1.730900
v    0.757100    1.537100    1.951700
v    0.711900    1.445300    2.175200
v    0.664700    1.349600    2.400000
v    1.257400    1.565500    0.900000
v    1.248200    1.554100    1.097200
v    1.222600    1.522100    1.302300
v    1.183100    1.473100    1.514000
v    1.132700    1.410300    1.730900
v    1.074100    1.337300    1.951700
v    1.009900    1.257400    2.175200
v    0.943000    1.174100    2.400000
v    1.565500    1.257400    0.900000
v    1.554100    1.248200    1.097200
v    1.522100    1.222600    1.302300
v    1.473100    1.183100    1.514000
v    1.410300    1.132700    1.730900
v    1.337300    1.074100    1.951700
v    1.257400    1.009900    2.175200
v    1.174100    0.943000    2.400000
v    1.799400    0.886300    0.900000
v    1.786300    0.879800    1.097200
v    1.749600    0.861700    1.302300
v    1.693200    0.834000    1.514000
v    1.621000    0.798400    1.730900
v    1.537100    0.757100    1.951700
v    1.445300    0.711900    2.175200
v    1.349600    0.664700    2.400000
v    1.948000    0.463400    0.900000
v    1.933800    0.460100    1.097200
v    1.894000    0.450600    1.302300
v    1.833000    0.436100    1.514000
v    1.754900    0.417500    1.730900
v    1.664000    0.395900    1.951700
v    1.564600    0.372200    2.175200
v    1.461000    0.347600    2.400000
v    2.000000   -0.000000    0.900000
v    1.985400   -0.000000    1.097200
v    1.944600   -0.000000    1.302300
v    1.881900   -0.000000    1.514000
v    1.801700   -0.000000    1.730900
v    1.708500   -0.000000    1.951700
v    1.606400   -0.000000    2.175200
v    1.500000   -0.000000    2.400000
v   -2.000000   -0.000000    0.900000
v   -1.985400   -0.000000    1.097200
v   -1.944600   -0.000000    1.302300
v   -1.881900   -0.000000    1.514000
v   -1.801700   -0.000000    1.730900
v   -1.708500   -0.000000    1.951700
v   -1.606400   -0.000000    2.175200
v   -1.500000   -0.000000    2.400000
v   -1.948000    0.463400    0.900000
v   -1.933800    0.460100    1.097200
v   -1.894000    0.450600    1.302300
v   -1.833000    0.436100    1.514000
v   -1.754900    0.417500    1.730900
v   -1.664000    0.395900    1.951700
v   -1.564600    0.372200    2.175200
v   -1.461000    0.347600    2.400000
v   -1.799400    0.886300    0.900000
v   -1.786300    0.879800    1.097200
v   -1.749600    0.861700    1.302300
v   -1.693200    0.834000    1.514000
v   -1.621000    0.798400    1.730900
v   -1.537100    0.757100    1.951700
v   -1.445300    0.711900    2.175200
v   -1.349600    0.664700    2.400000
v   -1.565500    1.257400    0.900000
v   -1.554100    1.248200    1.097200
v   -1.522100    1.222600    1.302300
v   -1.473100    1.183100    1.514000
v   -1.410300    1.132700    1.730900
v   -1.337300    1.074100    1.951700
v   -1.257400    1.009900    2.175200
v   -1.174100    0.943000    2.400000
v   -1.257400    1.565500    0.900000
v   -1.248200    1.554100    1.097200
v   -1.222600    1.522100    1.302300
v   -1.183100    1.473100    1.514000
v   -1.132700    1.410300    1.730900
v   -1.074100    1.337300    1.951700
v   -1.009900    1.257400    2.175200
v   -0.943000    1.174100    2.400000
v   -0.886300    1.799400    0.900000
v   -0.879800    1.786300    1.097200
v   -0.861700    1.749600    1.302300
v   -0.834000    1.693200    1.514000
v   -0.798400    1.621000    1.730900
v   -0.757100    1.537100    1.951700
v   -0.711900    1.445300    2.175200
v   -0.664700    1.349600    2.400000
v   -0.463400    1.948000    0.900000
v   -0.460100    1.933800    1.097200
v   -0.450600    1.894000    1.302300
v   -0.436100    1.833000    1.514000
v   -0.417500    1.754900    1.730900
v   -0.395900    1.664000    1.951700
v   -0.372200    1.564600    2.175200
v   -0.347600    1.461000    2.400000
v    0.000000    2.000000    0.900000
v    0.000000    1.985400    1.097200
v    0.000000    1.944600    1.302300
v    0.000000    1.881900    1.514000
v    0.000000    1.801700    1.730900
v    0.000000    1.708500    1.951700
v    0.000000    1.606400    2.175200
v    0.000000    1.500000    2.400000
v    0.000000   -2.000000    0.900000
v    0.000000   -1.985400    1.097200
v    0.000000   -1.944600    1.302300
v    0.000000   -1.881900    1.514000
v    0.000000   -1.801700    1.730900
v    0.000000   -1.708500    1.951700
v    0.000000   -1.606400    2.175200
v    0.000000   -1.500000    2.400000
v   -0.463400   -1.948000    0.900000
v   -0.460100   -1.933800    1.097200
v   -0.450600   -1.894000    1.302300
v   -0.436100   -1.833000    1.514000
v   -0.417500   -1.754900    1.730900
v   -0.395900   -1.664000    1.951700
v   -0.372200   -1.564600    2.175200
v   -0.347600   -1.461000    2.400000
v   -0.886300   -1.799400    0.900000
v   -0.879800   -1.786300    1.097200
v   -0.861700   -1.749600    1.302300
v   -0.834000   -1.693200    1.514000
v   -0.798400   -1.621000    1.730900
v   -0.757100   -1.537100    1.951700
v   -0.711900   -1.445300    2.175200
v   -0.664700   -1.349600    2.400000
v   -1.257400   -1.565500    0.900000
v   -1.248200   -1.554100    1.097200
v   -1.222600   -1.522100    1.302300
v   -1.183100   -1.473100    1.514000
v   -1.132700   -1.410300    1.730900
v   -1.074100   -1.337300    1.951700
v   -1.009900   -1.257400    2.175200
v   -0.943000   -1.174100    2.400000
v   -1.565500   -1.257400    0.900000
v   -1.554100   -1.248200    1.097200
v   -1.522100   -1.222600    1.302300
v   -1.473100   -1.183100    1.514000
v   -1.410300   -1.132700    1.730900
v   -1.337300   -1.074100    1.951700
v   -1.257400   -1.009900    2.175200
v   -1.174100   -0.943000    2.400000
v   -1.799400   -0.886300    0.900000
v   -1.786300   -0.879800    1.097200
v   -1.749600   -0.861700    1.302300
v   -1.693200   -0.834000    1.514000
v   -1.621000   -0.798400    1.730900
v   -1.537100   -0.757100    1.951700
v   -1.445300   -0.711900    2.175200
v   -1.349600   -0.664700    2.400000
v   -1.948000   -0.463400    0.900000
v   -1.933800   -0.460100    1.097200
v   -1.894000   -0.450600    1.302300
v   -1.833000   -0.436100    1.514000
v   -1.754900   -0.417500    1.730900
v   -1.664000   -0.395900    1.951700
v   -1.564600   -0.372200    2.175200
v   -1.461000   -0.347600    2.400000
v   -2.000000   -0.000000    0.900000
v   -1.985400   -0.000000    1.097200
v   -1.944600   -0.000000    1.302300
v   -1.881900   -0.000000    1.514000
v   -1.801700   -0.000000    1.730900
v   -1.708500   -0.000000    1.951700
v   -1.606400   -0.000000    2.175200
v   -1.500000   -0.000000    2.400000
v    2.000000   -0.000000    0.900000
v    1.985400   -0.000000    1.097200
v    1.944600   -0.000000    1.302300
v    1.881900   -0.000000    1.514000
v    1.801700   -0.000000    1.730900
v    1.708500   -0.000000    1.951700
v    1.606400   -0.000000    2.175200
v    1.500000   -0.000000    2.400000
v    1.948000   -0.463400    0.900000
v    1.933800   -0.460100    1.097200
v    1.894000   -0.450600    1.302300
v    1.833000   -0.436100    1.514000
v    1.754900   -0.417500    1.730900
v    1.664000   -0.395900    1.951700
v    1.564600   -0.372200    2.175200
v    1.461000   -0.347600    2.400000
v    1.799400   -0.886300    0.900000
v    1.786300   -0.879800    1.097200
v    1.749600   -0.861700    1.302300
v    1.693200   -0.834000    1.514000
v    1.621000   -0.798400    1.730900
v    1.537100   -0.757100    1.951700
v    1.445300   -0.711900    2.175200
v    1.349600   -0.664700    2.400000
v    1.565500   -1.257400    0.900000
v    1.554100   -1.248200    1.097200
v    1.522100   -1.222600    1.302300
v    1.473100   -1.183100    1.514000
v    1.410300   -1.132700    1.730900
v    1.337300   -1.074100    1.951700
v    1.257400   -1.009900    2.175200
v    1.174100   -0.943000    2.400000
v    1.257400   -1.565500    0.900000
v    1.248200   -1.554100    1.097200
v    1.222600   -1.522100    1.302300
v    1.183100   -1.473100    1.514000
v    1.132700   -1.410300    1.730900
v    1.074100   -1.337300    1.951700
v    1.009900   -1.257400    2.175200
v    0.943000   -1.174100    2.400000
v    0.886300   -1.799400    0.900000
v    0.879800   -1.786300    1.097200
v    0.861700   -1.749600    1.302300
v    0.834000   -1.693200    1.514000
v    0.798400   -1.621000    1.730900
v    0.757100   -1.537100    1.951700
v    0.711900   -1.445300    2.175200
v    0.664700   -1.349600    2.400000
v    0.463400   -1.948000    0.900000
v    0.460100   -1.933800    1.097200
v    0.450600   -1.894000    1.302300
v    0.436100   -1.833000    1.514000
v    0.417500   -1.754900    1.730900
v    0.395900   -1.664000    1.951700
v    0.372200   -1.564600    2.175200
v    0.347600   -1.461000    2.400000
v    0.000000   -2.000000    0.900000
v    0.000000   -1.985400    1.097200
v    0.000000   -1.944600    1.302300
v    0.000000   -1.881900    1.514000
v    0.000000   -1.801700    1.730900
v    0.000000   -1.708500    1.951700
v    0.000000   -1.606400    2.175200
v    0.000000   -1.500000    2.400000
v    0.000000    1.500000    0.150000
v    0.000000    1.527700    0.191500
v    0.000000    1.599100    0.252800
v    0.000000    1.696800    0.335000
v    0.000000    1.803200    0.439500
v    0.000000    1.900900    0.567600
v    0.000000    1.972300    0.720700
v    0.000000    2.000000    0.900000
v    0.347600    1.461000    0.150000
v    0.354000    1.488000    0.191500
v    0.370500    1.557500    0.252800
v    0.393200    1.652700    0.335000
v    0.417800    1.756300    0.439500
v    0.440500    1.851400    0.567600
v    0.457000    1.921000    0.720700
v    0.463400    1.948000    0.900000
v    0.664700    1.349600    0.150000
v    0.677000    1.374500    0.191500
v    0.708700    1.438700    0.252800
v    0.751900    1.526600    0.335000
v    0.799100    1.622400    0.439500
v    0.842400    1.710200    0.567600
v    0.874000    1.774500    0.720700
v    0.886300    1.799400    0.900000
v    0.943000    1.174100    0.150000
v    0.960400    1.195800    0.191500
v    1.005400    1.251700    0.252800
v    1.066800    1.328100    0.335000
v    1.133700    1.411400    0.439500
v    1.195100    1.487900    0.567600
v    1.240000    1.543800    0.720700
v    1.257400    1.565500    0.900000
v    1.174100    0.943000    0.150000
v    1.195800    0.960400    0.191500
v    1.251700    1.005400    0.252800
v    1.328100    1.066800    0.335000
v    1.411400    1.133700    0.439500
v    1.487900    1.195100    0.567600
v    1.543800    1.240000    0.720700
v    1.565500    1.257400    0.900000
v    1.349600    0.664700    0.150000
v    1.374500    0.677000    0.191500
v    1.438700    0.708700    0.252800
v    1.526600    0.751900    0.335000
v    1.622400    0.799100    0.439500
v    1.710200    0.842400    0.567600
v    1.774500    0.874000    0.720700
v    1.799400    0.886300    0.900000
v    1.461000    0.347600    0.150000
v    1.488000    0.354000    0.191500
v    1.557500    0.370500    0.252800
v    1.652700    0.393200    0.335000
v    1.756300    0.417800    0.439500
v    1.851400    0.440500    0.567600
v    1.921000    0.457000    0.720700
v    1.948000    0.463400    0.900000
v    1.500000   -0.000000    0.150000
v    1.527700   -0.000000    0.191500
v    1.599100   -0.000000    0.252800
v    1.696800   -0.000000    0.335000
v    1.803200   -0.000000    0.439500
v    1.900900   -0.000000    0.567600
v    1.972300   -0.000000    0.720700
v    2.000000   -0.000000    0.900000
v   -1.500000   -0.000000    0.150000
v   -1.527700   -0.000000    0.191500
v   -1.599100   -0.000000    0.252800
v   -1.696800   -0.000000    0.335000
v   -1.803200   -0.000000    0.439500
v   -1.900900   -0.000000    0.567600
v   -1.972300   -0.000000    0.720700
v   -2.000000   -0.000000    0.900000
v   -1.461000    0.347600    0.150000
v   -1.488000    0.354000    0.191500
v   -1.557500    0.370500    0.252800
v   -1.652700    0.393200    0.335000
v   -1.756300    0.417800    0.439500
v   -1.851400    0.440500    0.567600
v   -1.921000    0.457000    0.720700
v   -1.948000    0.463400    0.900000
v   -1.349600    0.664700    0.150000
v   -1.374500    0.677000    0.191500
v   -1.438700    0.708700    0.252800
v   -1.526600    0.751900    0.335000
v   -1.622400    0.799100    0.439500
v   -1.710200    0.842400    0.567600
v   -1.774500    0.874000    0.720700
v   -1.799400    0.886300    0.900000
v   -1.174100    0.943000    0.150000
v   -1.195800    0.960400    0.191500
v   -1.251700    1.005400    0.252800
v   -1.328100    1.066800    0.335000
v   -1.411400    1.133700    0.439500
v   -1.487900    1.195100    0.567600
v   -1.543800    1.240000    0.720700
v   -1.565500    1.257400    0.900000
v   -0.943000    1.174100    0.150000
v   -0.960400    1.195800    0.191500
v   -1.005400    1.251700    0.252800
v   -1.066800    1.328100    0.335000
v   -1.133700    1.411400    0.439500
v   -1.195100    1.487900    0.567600
v   -1.240000    1.543800    0.720700
v   -1.257400    1.565500    0.900000
v   -0.664700    1.349600    0.150000
v   -0.677000    1.374500    0.191500
v   -0.708700    1.438700    0.252800
v   -0.751900    1.526600    0.335000
v   -0.799100    1.622400    0.439500
v   -0.842400    1.710200    0.567600
v   -0.874000    1.774500    0.720700
v   -0.886300    1.799400    0.900000
v   -0.347600    1.461000    0.150000
v   -0.354000    1.488000    0.191500
v   -0.370500    1.557500    0.252800
v   -0.393200    1.652700    0.335000
v   -0.417800    1.756300    0.439500
v   -0.440500    1.851400    0.567600
v   -0.457000    1.921000    0.720700
v   -0.463400    1.948000    0.900000
v    0.000000    1.500000    0.150000
v    0.000000    1.527700    0.191500
v    0.000000    1.599100    0.252800
v    0.000000    1.696800    0.335000
v    0.000000    1.803200    0.439500
v    0.000000    1.900900    0.567600
v    0.000000    1.972300    0.720700
v    0.000000    2.000000    0.900000
v    0.000000   -1.500000    0.150000
v    0.000000   -1.527700    0.191500
v    0.000000   -1.599100    0.252800
v    0.000000   -1.696800    0.335000
v    0.000000   -1.803200    0.439500
v    0.000000   -1.900900    0.567600
v    0.000000   -1.972300    0.720700
v    0.000000   -2.000000    0.900000
v   -0.347600   -1.461000    0.150000
v   -0.354000   -1.488000    0.191500
v   -0.370500   -1.557500    0.252800
v   -0.393200   -1.652700    0.335000
v   -0.417800   -1.756300    0.439500
v   -0.440500   -1.851400    0.567600
v   -0.457000   -1.921000    0.720700
v   -0.463400   -1.948000    0.900000
v   -0.664700   -1.349600    0.150000
v   -0.677000   -1.374500    0.191500
v   -0.708700   -1.438700    0.252800
v   -0.751900   -1.526600    0.335000
v   -0.799100   -1.622400    0.439500
v   -0.842400   -1.710200    0.567600
v   -0.874000   -1.774500    0.720700
v   -0.886300   -1.799400    0.900000
v   -0.943000   -1.174100    0.150000
v   -0.960400   -1.195800    0.191500
v   -1.005400   -1.251700    0.252800
v   -1.066800   -1.328100    0.335000
v   -1.133700   -1.411400    0.439500
v   -1.195100   -1.487900    0.567600
v   -1.240000   -1.543800    0.720700
v   -1.257400   -1.565500    0.900000
v   -1.174100   -0.943000    0.150000
v   -1.195800   -0.960400    0.191500
v   -1.251700   -1.005400    0.252800
v   -1.328100   -1.066800    0.335000
v   -1.411400   -1.133700    0.439500
v   -1.487900   -1.195100    0.567600
v   -1.543800   -1.240000    0.720700
v   -1.565500   -1.257400    0.900000
v   -1.349600   -0.664700    0.150000
v   -1.374500   -0.677000    0.191500
v   -1.438700   -0.708700    0.252800
v   -1.526600   -0.751900    0.335000
v   -1.622400   -0.799100    0.439500
v   -1.710200   -0.842400    0.567600
v   -1.774500   -0.874000    0.720700
v   -1.799400   -0.886300    0.900000
v   -1.461000   -0.347600    0.150000
v   -1.488000   -0.354000    0.191500
v   -1.557500   -0.370500    0.252800
v   -1.652700   -0.393200    0.335000
v   -1.756300   -0.417800    0.439500
v   -1.851400   -0.440500    0.567600
v   -1.921000   -0.457000    0.720700
v   -1.948000   -0.463400    0.900000
v   -1.500000   -0.000000    0.150000
v   -1.527700   -0.000000    0.191500
v   -1.599100   -0.000000    0.252800
v   -1.696800   -0.000000    0.335000
v   -1.803200   -0.000000    0.439500
v   -1.900900   -0.000000    0.567600
v   -1.972300   -0.000000    0.720700
v   -2.000000   -0.000000    0.900000
v    1.500000   -0.000000    0.150000
v    1.527700   -0.000000    0.191500
v    1.599100   -0.000000    0.252800
v    1.696800   -0.000000    0.335000
v    1.803200   -0.000000    0.439500
v    1.900900   -0.000000    0.567600
v    1.972300   -0.000000    0.720700
v    2.000000   -0.000000    0.900000
v    1.461000   -0.347600    0.150000
v    1.488000   -0.354000    0.191500
v    1.557500   -0.370500    0.252800
v    1.652700   -0.393200    0.335000
v    1.756300   -0.417800    0.439500
v    1.851400   -0.440500    0.567600
v    1.921000   -0.457000    0.720700
v    1.948000   -0.463400    0.900000
v    1.349600   -0.664700    0.150000
v    1.374500   -0.677000    0.191500
v    1.438700   -0.708700    0.252800
v    1.526600   -0.751900    0.335000
v    1.622400   -0.799100    0.439500
v    1.710200   -0.842400    0.567600
v    1.774500   -0.874000    0.720700
v    1.799400   -0.886300    0.900000
v    1.174100   -0.943000    0.150000
v    1.195800   -0.960400    0.191500
v    1.251700   -1.005400    0.252800
v    1.328100   -1.066800    0.335000
v    1.411400   -1.133700    0.439500
v    1.487900   -1.195100    0.567600
v    1.543800   -1.240000    0.720700
v    1.565500   -1.257400    0.900000
v    0.943000   -1.174100    0.150000
v    0.960400   -1.195800    0.191500
v    1.005400   -1.251700    0.252800
v    1.066800   -1.328100    0.335000
v    1.133700   -1.411400    0.439500
v    1.195100   -1.487900    0.567600
v    1.240000   -1.543800    0.720700
v    1.257400   -1.565500    0.900000
v    0.664700   -1.349600    0.150000
v    0.677000   -1.374500    0.191500
v    0.708700   -1.438700    0.252800
v    0.751900   -1.526600    0.335000
v    0.799100   -1.622400    0.439500
v    0.842400   -1.710200    0.567600
v    0.874000   -1.774500    0.720700
v    0.886300   -1.799400    0.900000
v    0.347600   -1.461000    0.150000
v    0.354000   -1.488000    0.191500
v    0.370500   -1.557500    0.252800
v    0.393200   -1.652700    0.335000
v    0.417800   -1.756300    0.439500
v    0.440500   -1.851400    0.567600
v    0.457000   -1.921000    0.720700
v    0.463400   -1.948000    0.900000
v    0.000000   -1.500000    0.150000
v    0.000000   -1.527700    0.191500
v    0.000000   -1.599100    0.252800
v    0.000000   -1.696800    0.335000
v    0.000000   -1.803200    0.439500
v    0.000000   -1.900900    0.567600
v    0.000000   -1.972300    0.720700
v    0.000000   -2.000000    0.900000
v   -3.000000   -0.000000    1.800000
v   -2.969400   -0.000000    1.966600
v   -2.877600   -0.000000    2.086000
v   -2.724500   -0.000000    2.166000
v   -2.510200   -0.000000    2.214600
v   -2.234700   -0.000000    2.239500
v   -1.898000   -0.000000    2.248700
v   -1.500000   -0.000000    2.250000
v   -2.983400    0.110200    1.800000
v   -2.953100    0.110200    1.962000
v   -2.862400    0.110200    2.078100
v   -2.711400    0.110200    2.155900
v   -2.500000    0.110200    2.203100
v   -2.228600    0.110200    2.227300
v   -1.897000    0.110200    2.236300
v   -1.505500    0.110200    2.237500
v   -2.940500    0.183700    1.800000
v   -2.911200    0.183700    1.950100
v   -2.823400    0.183700    2.057700
v   -2.677500    0.183700    2.129800
v   -2.473800    0.183700    2.173500
v   -2.212800    0.183700    2.195900
v   -1.894700    0.183700    2.204200
v   -1.519800    0.183700    2.205400
v   -2.881900    0.220400    1.800000
v   -2.853800    0.220400    1.933800
v   -2.770000    0.220400    2.029700
v   -2.631200    0.220400    2.094000
v   -2.438000    0.220400    2.133000
v   -2.191200    0.220400    2.153000
v   -1.891400    0.220400    2.160400
v   -1.539400    0.220400    2.161400
v   -2.818100    0.220400    1.800000
v   -2.791400    0.220400    1.916100
v   -2.711900    0.220400    1.999300
v   -2.580800    0.220400    2.055100
v   -2.399000    0.220400    2.088900
v   -2.167700    0.220400    2.106200
v   -1.887900    0.220400    2.112600
v   -1.560600    0.220400    2.113600
v   -2.759500    0.183700    1.800000
v   -2.734000    0.183700    1.899800
v   -2.658500    0.183700    1.971400
v   -2.534500    0.183700    2.019300
v   -2.363200    0.183700    2.048400
v   -2.146100    0.183700    2.063300
v   -1.884600    0.183700    2.068800
v   -1.580200    0.183700    2.069600
v   -2.716600    0.110200    1.800000
v   -2.692100    0.110200    1.887900
v   -2.619500    0.110200    1.950900
v   -2.500600    0.110200    1.993200
v   -2.337000    0.110200    2.018800
v   -2.130300    0.110200    2.031900
v   -1.882300    0.110200    2.036800
v   -1.594500    0.110200    2.037500
v   -2.700000   -0.000000    1.800000
v   -2.675800   -0.000000    1.883300
v   -2.604400   -0.000000    1.943000
v   -2.487500   -0.000000    1.983000
v   -2.326800   -0.000000    2.007300
v   -2.124200   -0.000000    2.019800
v   -1.881300   -0.000000    2.024300
v   -1.600000   -0.000000    2.025000
v   -2.700000   -0.000000    1.800000
v   -2.675800   -0.000000    1.883300
v   -2.604400   -0.000000    1.943000
v   -2.487500   -0.000000    1.983000
v   -2.326800   -0.000000    2.007300
v   -2.124200   -0.000000    2.019800
v   -1.881300   -0.000000    2.024300
v   -1.600000   -0.000000    2.025000
v   -2.716600   -0.110200    1.800000
v   -2.692100   -0.110200    1.887900
v   -2.619500   -0.110200    1.950900
v   -2.500600   -0.110200    1.993200
v   -2.337000   -0.110200    2.018800
v   -2.130300   -0.110200    2.031900
v   -1.882300   -0.110200    2.036800
v   -1.594500   -0.110200    2.037500
v   -2.759500   -0.183700    1.800000
v   -2.734000   -0.183700    1.899800
v   -2.658500   -0.183700    1.971400
v   -2.534500   -0.183700    2.019300
v   -2.363200   -0.183700    2.048400
v   -2.146100   -0.183700    2.063300
v   -1.884600   -0.183700    2.068800
v   -1.580200   -0.183700    2.069600
v   -2.818100   -0.220400    1.800000
v   -2.791400   -0.220400    1.916100
v   -2.711900   -0.220400    1.999300
v   -2.580800   -0.220400    2.055100
v   -2.399000   -0.220400    2.088900
v   -2.167700   -0.220400    2.106200
v   -1.887900   -0.220400    2.112600
v   -1.560600   -0.220400    2.113600
v   -2.881900   -0.220400    1.800000
v   -2.853800   -0.220400    1.933800
v   -2.770000   -0.220400    2.029700
v   -2.631200   -0.220400    2.094000
v   -2.438000   -0.220400    2.133000
v   -2.191200   -0.220400    2.153000
v   -1.891400   -0.220400    2.160400
v   -1.539400   -0.220400    2.161400
v   -2.940500   -0.183700    1.800000
v   -2.911200   -0.183700    1.950100
v   -2.823400   -0.183700    2.057700
v   -2.677500   -0.183700    2.129800
v   -2.473800   -0.183700    2.173500
v   -2.212800   -0.183700    2.195900
v   -1.894700   -0.183700    2.204200
v   -1.519800   -0.183700    2.205400
v   -2.983400   -0.110200    1.800000
v   -2.953100   -0.110200    1.962000
v   -2.862400   -0.110200    2.078100
v   -2.711400   -0.110200    2.155900
v   -2.500000   -0.110200    2.203100
v   -2.228600   -0.110200    2.227300
v   -1.897000   -0.110200    2.236300
v   -1.505500   -0.110200    2.237500
v   -3.000000   -0.000000    1.800000
v   -2.969400   -0.000000    1.966600
v   -2.877600   -0.000000    2.086000
v   -2.724500   -0.000000    2.166000
v   -2.510200   -0.000000    2.214600
v   -2.234700   -0.000000    2.239500
v   -1.898000   -0.000000    2.248700
v   -1.500000   -0.000000    2.250000
v   -1.900000   -0.000000    0.600000
v   -2.197100   -0.000000    0.749100
v   -2.446100   -0.000000    0.906800
v   -2.647800   -0.000000    1.072300
v   -2.803200   -0.000000    1.245000
v   -2.913100   -0.000000    1.424300
v   -2.978400   -0.000000    1.609500
v   -3.000000   -0.000000    1.800000
v   -1.905500    0.110200    0.616600
v   -2.197000    0.110200    0.763500
v   -2.441200    0.110200    0.919600
v   -2.638800    0.110200    1.083700
v   -2.790900    0.110200    1.254900
v   -2.898500    0.110200    1.432000
v   -2.962300    0.110200    1.614100
v   -2.983400    0.110200    1.800000
v   -1.919800    0.183700    0.659500
v   -2.196900    0.183700    0.800600
v   -2.428500    0.183700    0.952500
v   -2.615600    0.183700    1.113100
v   -2.759300    0.183700    1.280200
v   -2.860700    0.183700    1.451700
v   -2.920700    0.183700    1.625700
v   -2.940500    0.183700    1.800000
v   -1.939400    0.220400    0.718100
v   -2.196700    0.220400    0.851400
v   -2.411200    0.220400    0.997600
v   -2.583900    0.220400    1.153200
v   -2.716100    0.220400    1.314800
v   -2.809000    0.220400    1.478700
v   -2.863900    0.220400    1.641600
v   -2.881900    0.220400    1.800000
v   -1.960600    0.220400    0.781900
v   -2.196600    0.220400    0.906700
v   -2.392300    0.220400    1.046700
v   -2.549300    0.220400    1.196900
v   -2.669000    0.220400    1.352400
v   -2.752800    0.220400    1.508100
v   -2.802000    0.220400    1.659000
v   -2.818100    0.220400    1.800000
v   -1.980200    0.183700    0.840500
v   -2.196400    0.183700    0.957400
v   -2.375000    0.183700    1.091700
v   -2.517600    0.183700    1.237100
v   -2.625800    0.183700    1.387000
v   -2.701100    0.183700    1.535100
v   -2.745100    0.183700    1.674900
v   -2.759500    0.183700    1.800000
v   -1.994500    0.110200    0.883400
v   -2.196300    0.110200    0.994500
v   -2.362300    0.110200    1.124700
v   -2.494400    0.110200    1.266500
v   -2.594200    0.110200    1.412300
v   -2.663300    0.110200    1.554900
v   -2.703600    0.110200    1.686600
v   -2.716600    0.110200    1.800000
v   -2.000000   -0.000000    0.900000
v   -2.196200   -0.000000    1.008900
v   -2.357400   -0.000000    1.137500
v   -2.485400   -0.000000    1.277800
v   -2.581900   -0.000000    1.422200
v   -2.648700   -0.000000    1.562500
v   -2.687500   -0.000000    1.691100
v   -2.700000   -0.000000    1.800000
v   -2.000000   -0.000000    0.900000
v   -2.196200   -0.000000    1.008900
v   -2.357400   -0.000000    1.137500
v   -2.485400   -0.000000    1.277800
v   -2.581900   -0.000000    1.422200
v   -2.648700   -0.000000    1.562500
v   -2.687500   -0.000000    1.691100
v   -2.700000   -0.000000    1.800000
v   -1.994500   -0.110200    0.883400
v   -2.196300   -0.110200    0.994500
v   -2.362300   -0.110200    1.124700
v   -2.494400   -0.110200    1.266500
v   -2.594200   -0.110200    1.412300
v   -2.663300   -0.110200    1.554900
v   -2.703600   -0.110200    1.686600
v   -2.716600   -0.110200    1.800000
v   -1.980200   -0.183700    0.840500
v   -2.196400   -0.183700    0.957400
v   -2.375000   -0.183700    1.091700
v   -2.517600   -0.183700    1.237100
v   -2.625800   -0.183700    1.387000
v   -2.701100   -0.183700    1.535100
v   -2.745100   -0.183700    1.674900
v   -2.759500   -0.183700    1.800000
v   -1.960600   -0.220400    0.781900
v   -2.196600   -0.220400    0.906700
v   -2.392300   -0.220400    1.046700
v   -2.549300   -0.220400    1.196900
v   -2.669000   -0.220400    1.352400
v   -2.752800   -0.220400    1.508100
v   -2.802000   -0.220400    1.659000
v   -2.818100   -0.220400    1.800000
v   -1.939400   -0.220400    0.718100
v   -2.196700   -0.220400    0.851400
v   -2.411200   -0.220400    0.997600
v   -2.583900   -0.220400    1.153200
v   -2.716100   -0.220400    1.314800
v   -2.809000   -0.220400    1.478700
v   -2.863900   -0.220400    1.641600
v   -2.881900   -0.220400    1.800000
v   -1.919800   -0.183700    0.659500
v   -2.196900   -0.183700    0.800600
v   -2.428500   -0.183700    0.952500
v   -2.615600   -0.183700    1.113100
v   -2.759300   -0.183700    1.280200
v   -2.860700   -0.183700    1.451700
v   -2.920700   -0.183700    1.625700
v   -2.940500   -0.183700    1.800000
v   -1.905500   -0.110200    0.616600
v   -2.197000   -0.110200    0.763500
v   -2.441200   -0.110200    0.919600
v   -2.638800   -0.110200    1.083700
v   -2.790900   -0.110200    1.254900
v   -2.898500   -0.110200    1.432000
v   -2.962300   -0.110200    1.614100
v   -2.983400   -0.110200    1.800000
v   -1.900000   -0.000000    0.600000
v   -2.197100   -0.000000    0.749100
v   -2.446100   -0.000000    0.906800
v   -2.647800   -0.000000    1.072300
v   -2.803200   -0.000000    1.245000
v   -2.913100   -0.000000    1.424300
v   -2.978400   -0.000000    1.609500
v   -3.000000   -0.000000    1.800000
v    3.300000   -0.000000    2.400000
v    3.001500   -0.000000    2.194000
v    2.834100   -0.000000    1.918500
v    2.733200   -0.000000    1.605000
v    2.634100   -0.000000    1.284800
v    2.472000   -0.000000    0.989700
v    2.182200   -0.000000    0.750900
v    1.700000   -0.000000    0.600000
v    3.266800    0.091800    2.400000
v    2.977300    0.100200    2.197200
v    2.814700    0.121700    1.927200
v    2.716000    0.151100    1.620800
v    2.618100    0.183200    1.308600
v    2.458200    0.212600    1.021600
v    2.173100    0.234100    0.790300
v    1.700000    0.242400    0.645700
v    3.181000    0.153100    2.400000
v    2.915100    0.167000    2.205400
v    2.764800    0.202800    1.949600
v    2.671500    0.251900    1.661500
v    2.576900    0.305300    1.370000
v    2.422400    0.354300    1.103900
v    2.149600    0.390200    0.892100
v    1.700000    0.404100    0.763600
v    3.063800    0.183700    2.400000
v    2.830000    0.200400    2.216700
v    2.696400    0.243400    1.980300
v    2.610700    0.302200    1.717300
v    2.520500    0.366300    1.453900
v    2.373600    0.425200    1.216400
v    2.117500    0.468200    1.031300
v    1.700000    0.484900    0.924700
v    2.936200    0.183700    2.400000
v    2.737300    0.200400    2.228900
v    2.622000    0.243400    2.013700
v    2.544400    0.302200    1.778000
v    2.459100    0.366300    1.545300
v    2.320300    0.425200    1.339000
v    2.082500    0.468200    1.182900
v    1.700000    0.484900    1.100300
v    2.819000    0.153100    2.400000
v    2.652200    0.167000    2.240100
v    2.553600    0.202800    2.044400
v    2.483600    0.251900    1.833700
v    2.402700    0.305300    1.629100
v    2.271500    0.354300    1.451600
v    2.050400    0.390200    1.322000
v    1.700000    0.404100    1.261400
v    2.733200    0.091800    2.400000
v    2.590000    0.100200    2.248300
v    2.503600    0.121700    2.066800
v    2.439100    0.151100    1.874500
v    2.361500    0.183200    1.690500
v    2.235700    0.212600    1.533900
v    2.026900    0.234100    1.423800
v    1.700000    0.242400    1.379300
v    2.700000   -0.000000    2.400000
v    2.565900   -0.000000    2.251500
v    2.484300   -0.000000    2.075500
v    2.421900   -0.000000    1.890300
v    2.345500   -0.000000    1.714300
v    2.221900   -0.000000    1.565800
v    2.017800   -0.000000    1.463300
v    1.700000   -0.000000    1.425000
v    2.700000   -0.000000    2.400000
v    2.565900   -0.000000    2.251500
v    2.484300   -0.000000    2.075500
v    2.421900   -0.000000    1.890300
v    2.345500   -0.000000    1.714300
v    2.221900   -0.000000    1.565800
v    2.017800   -0.000000    1.463300
v    1.700000   -0.000000    1.425000
v    2.733200   -0.091800    2.400000
v    2.590000   -0.100200    2.248300
v    2.503600   -0.121700    2.066800
v    2.439100   -0.151100    1.874500
v    2.361500   -0.183200    1.690500
v    2.235700   -0.212600    1.533900
v    2.026900   -0.234100    1.423800
v    1.700000   -0.242400    1.379300
v    2.819000   -0.153100    2.400000
v    2.652200   -0.167000    2.240100
v    2.553600   -0.202800    2.044400
v    2.483600   -0.251900    1.833700
v    2.402700   -0.305300    1.629100
v    2.271500   -0.354300    1.451600
v    2.050400   -0.390200    1.322000
v    1.700000   -0.404100    1.261400
v    2.936200   -0.183700    2.400000
v    2.737300   -0.200400    2.228900
v    2.622000   -0.243400    2.013700
v    2.544400   -0.302200    1.778000
v    2.459100   -0.366300    1.545300
v    2.320300   -0.425200    1.339000
v    2.082500   -0.468200    1.182900
v    1.700000   -0.484900    1.100300
v    3.063800   -0.183700    2.400000
v    2.830000   -0.200400    2.216700
v    2.696400   -0.243400    1.980300
v    2.610700   -0.302200    1.717300
v    2.520500   -0.366300    1.453900
v    2.373600   -0.425200    1.216400
v    2.117500   -0.468200    1.031300
v    1.700000   -0.484900    0.924700
v    3.181000   -0.153100    2.400000
v    2.915100   -0.167000    2.205400
v    2.764800   -0.202800    1.949600
v    2.671500   -0.251900    1.661500
v    2.576900   -0.305300    1.370000
v    2.422400   -0.354300    1.103900
v    2.149600   -0.390200    0.892100
v    1.700000   -0.404100    0.763600
v    3.266800   -0.091800    2.400000
v    2.977300   -0.100200    2.197200
v    2.814700   -0.121700    1.927200
v    2.716000   -0.151100    1.620800
v    2.618100   -0.183200    1.308600
v    2.458200   -0.212600    1.021600
v    2.173100   -0.234100    0.790300
v    1.700000   -0.242400    0.645700
v    3.300000   -0.000000    2.400000
v    3.001500   -0.000000    2.194000
v    2.834100   -0.000000    1.918500
v    2.733200   -0.000000    1.605000
v    2.634100   -0.000000    1.284800
v    2.472000   -0.000000    0.989700
v    2.182200   -0.000000    0.750900
v    1.700000   -0.000000    0.600000
v    3.200000   -0.000000    2.400000
v    3.296100   -0.000000    2.440300
v    3.368500   -0.000000    2.465600
v    3.415200   -0.000000    2.476700
v    3.433800   -0.000000    2.474800
v    3.422300   -0.000000    2.460700
v    3.378400   -0.000000    2.435400
v    3.300000   -0.000000    2.400000
v    3.177800    0.055100    2.400000
v    3.270300    0.057100    2.439600
v    3.339300    0.062400    2.464500
v    3.383000    0.069600    2.475600
v    3.399400    0.077400    2.473700
v    3.386800    0.084600    2.459900
v    3.343200    0.089800    2.435000
v    3.266800    0.091800    2.400000
v    3.120700    0.091800    2.400000
v    3.203900    0.095200    2.437800
v    3.264000    0.104000    2.461700
v    3.300000    0.115900    2.472500
v    3.310700    0.129000    2.470900
v    3.295200    0.140900    2.457800
v    3.252300    0.149700    2.433900
v    3.181000    0.153100    2.400000
v    3.042600    0.110200    2.400000
v    3.113100    0.114300    2.435300
v    3.161000    0.124800    2.457900
v    3.186500    0.139100    2.468200
v    3.189400    0.154800    2.467000
v    3.169900    0.169100    2.454900
v    3.128000    0.179600    2.432300
v    3.063800    0.183700    2.400000
v    2.957400    0.110200    2.400000
v    3.014200    0.114300    2.432600
v    3.048900    0.124800    2.453700
v    3.062800    0.139100    2.463600
v    3.057200    0.154800    2.462800
v    3.033400    0.169100    2.451700
v    2.992700    0.179600    2.430600
v    2.936200    0.183700    2.400000
v    2.879300    0.091800    2.400000
v    2.923400    0.095200    2.430100
v    2.945900    0.104000    2.449800
v    2.949300    0.115900    2.459400
v    2.935900    0.129000    2.459000
v    2.908200    0.140900    2.448800
v    2.868400    0.149700    2.429100
v    2.819000    0.153100    2.400000
v    2.822200    0.055100    2.400000
v    2.856900    0.057100    2.428300
v    2.870600    0.062400    2.447000
v    2.866300    0.069600    2.456300
v    2.847200    0.077400    2.456200
v    2.816600    0.084600    2.446700
v    2.777500    0.089800    2.428000
v    2.733200    0.091800    2.400000
v    2.800000   -0.000000    2.400000
v    2.831200   -0.000000    2.427600
v    2.841400   -0.000000    2.445900
v    2.834100   -0.000000    2.455100
v    2.812800   -0.000000    2.455100
v    2.781000   -0.000000    2.445900
v    2.742300   -0.000000    2.427600
v    2.700000   -0.000000    2.400000
v    2.800000   -0.000000    2.400000
v    2.831200   -0.000000    2.427600
v    2.841400   -0.000000    2.445900
v    2.834100   -0.000000    2.455100
v    2.812800   -0.000000    2.455100
v    2.781000   -0.000000    2.445900
v    2.742300   -0.000000    2.427600
v    2.700000   -0.000000    2.400000
v    2.822200   -0.055100    2.400000
v    2.856900   -0.057100    2.428300
v    2.870600   -0.062400    2.447000
v    2.866300   -0.069600    2.456300
v    2.847200   -0.077400    2.456200
v    2.816600   -0.084600    2.446700
v    2.777500   -0.089800    2.428000
v    2.733200   -0.091800    2.400000
v    2.879300   -0.091800    2.400000
v    2.923400   -0.095200    2.430100
v    2.945900   -0.104000    2.449800
v    2.949300   -0.115900    2.459400
v    2.935900   -0.129000    2.459000
v    2.908200   -0.140900    2.448800
v    2.868400   -0.149700    2.429100
v    2.819000   -0.153100    2.400000
v    2.957400   -0.110200    2.400000
v    3.014200   -0.114300    2.432600
v    3.048900   -0.124800    2.453700
v    3.062800   -0.139100    2.463600
v    3.057200   -0.154800    2.462800
v    3.033400   -0.169100    2.451700
v    2.992700   -0.179600    2.430600
v    2.936200   -0.183700    2.400000
v    3.042600   -0.110200    2.400000
v    3.113100   -0.114300    2.435300
v    3.161000   -0.124800    2.457900
v    3.186500   -0.139100    2.468200
v    3.189400   -0.154800    2.467000
v    3.169900   -0.169100    2.454900
v    3.128000   -0.179600    2.432300
v    3.063800   -0.183700    2.400000
v    3.120700   -0.091800    2.400000
v    3.203900   -0.095200    2.437800
v    3.264000   -0.104000    2.461700
v    3.300000   -0.115900    2.472500
v    3.310700   -0.129000    2.470900
v    3.295200   -0.140900    2.457800
v    3.252300   -0.149700    2.433900
v    3.181000   -0.153100    2.400000
v    3.177800   -0.055100    2.400000
v    3.270300   -0.057100    2.439600
v    3.339300   -0.062400    2.464500
v    3.383000   -0.069600    2.475600
v    3.399400   -0.077400    2.473700
v    3.386800   -0.084600    2.459900
v    3.343200   -0.089800    2.435000
v    3.266800   -0.091800    2.400000
v    3.200000   -0.000000    2.400000
v    3.296100   -0.000000    2.440300
v    3.368500   -0.000000    2.465600
v    3.415200   -0.000000    2.476700
v    3.433800   -0.000000    2.474800
v    3.422300   -0.000000    2.460700
v    3.378400   -0.000000    2.435400
v    3.300000   -0.000000    2.400000
v    0.000000   -1.500000    0.150000
v    0.000000   -1.491700    0.118100
v    0.000000   -1.451900    0.087500
v    0.000000   -1.358300    0.059500
v    0.000000   -1.188600    0.035400
v    0.000000   -0.920600    0.016600
v    0.000000   -0.531800    0.004400
v    0.000000   -0.000000    0.000000
v    0.347600   -1.461000    0.150000
v    0.344700   -1.452900    0.118100
v    0.335100   -1.414100    0.087500
v    0.313400   -1.323000    0.059500
v    0.274400   -1.157700    0.035400
v    0.212800   -0.896600    0.016600
v    0.123100   -0.517900    0.004400
v    0.000000   -0.000000    0.000000
v    0.664700   -1.349600    0.150000
v    0.659700   -1.342100    0.118100
v    0.641500   -1.306300    0.087500
v    0.600100   -1.222100    0.059500
v    0.525400   -1.069400    0.035400
v    0.407200   -0.828200    0.016600
v    0.235400   -0.478400    0.004400
v    0.000000   -0.000000    0.000000
v    0.943000   -1.174100    0.150000
v    0.936500   -1.167600    0.118100
v    0.911000   -1.136500    0.087500
v    0.852200   -1.063200    0.059500
v    0.746000   -0.930400    0.035400
v    0.578000   -0.720600    0.016600
v    0.334100   -0.416200    0.004400
v    0.000000   -0.000000    0.000000
v    1.174100   -0.943000    0.150000
v    1.166600   -0.937800    0.118100
v    1.135100   -0.912800    0.087500
v    1.061900   -0.854000    0.059500
v    0.929400   -0.747300    0.035400
v    0.720000   -0.578700    0.016600
v    0.416100   -0.334300    0.004400
v    0.000000   -0.000000    0.000000
v    1.349600   -0.664700    0.150000
v    1.341500   -0.661000    0.118100
v    1.305500   -0.643400    0.087500
v    1.221300   -0.601900    0.059500
v    1.068900   -0.526700    0.035400
v    0.827900   -0.407900    0.016600
v    0.478400   -0.235700    0.004400
v    0.000000   -0.000000    0.000000
v    1.461000   -0.347600    0.150000
v    1.452700   -0.345700    0.118100
v    1.413900   -0.336400    0.087500
v    1.322800   -0.314700    0.059500
v    1.157600   -0.275400    0.035400
v    0.896500   -0.213300    0.016600
v    0.517900   -0.123200    0.004400
v    0.000000   -0.000000    0.000000
v    1.500000   -0.000000    0.150000
v    1.491700   -0.000000    0.118100
v    1.451900   -0.000000    0.087500
v    1.358300   -0.000000    0.059500
v    1.188600   -0.000000    0.035400
v    0.920600   -0.000000    0.016600
v    0.531800   -0.000000    0.004400
v    0.000000   -0.000000    0.000000
v   -1.500000   -0.000000    0.150000
v   -1.491700   -0.000000    0.118100
v   -1.451900   -0.000000    0.087500
v   -1.358300   -0.000000    0.059500
v   -1.188600   -0.000000    0.035400
v   -0.920600   -0.000000    0.016600
v   -0.531800   -0.000000    0.004400
v    0.000000   -0.000000    0.000000
v   -1.461000   -0.347600    0.150000
v   -1.452900   -0.345700    0.118100
v   -1.414100   -0.336400    0.087500
v   -1.323000   -0.314700    0.059500
v   -1.157700   -0.275400    0.035400
v   -0.896600   -0.213300    0.016600
v   -0.517900   -0.123200    0.004400
v    0.000000   -0.000000    0.000000
v   -1.349600   -0.664700    0.150000
v   -1.342100   -0.661000    0.118100
v   -1.306300   -0.643400    0.087500
v   -1.222100   -0.601900    0.059500
v   -1.069400   -0.526700    0.035400
v   -0.828200   -0.407900    0.016600
v   -0.478400   -0.235700    0.004400
v    0.000000   -0.000000    0.000000
v   -1.174100   -0.943000    0.150000
v   -1.167600   -0.937800    0.118100
v   -1.136500   -0.912800    0.087500
v   -1.063200   -0.854000    0.059500
v   -0.930400   -0.747300    0.035400
v   -0.720600   -0.578700    0.016600
v   -0.416200   -0.334300    0.004400
v    0.000000   -0.000000    0.000000
v   -0.943000   -1.174100    0.150000
v   -0.937800   -1.167600    0.118100
v   -0.912800   -1.136500    0.087500
v   -0.854000   -1.063200    0.059500
v   -0.747300   -0.930400    0.035400
v   -0.578700   -0.720600    0.016600
v   -0.334300   -0.416200    0.004400
v    0.000000   -0.000000    0.000000
v   -0.664700   -1.349600    0.150000
v   -0.661000   -1.342100    0.118100
v   -0.643400   -1.306300    0.087500
v   -0.601900   -1.222100    0.059500
v   -0.526700   -1.069400    0.035400
v   -0.407900   -0.828200    0.016600
v   -0.235700   -0.478400    0.004400
v    0.000000   -0.000000    0.000000
v   -0.347600   -1.461000    0.150000
v   -0.345700   -1.452900    0.118100
v   -0.336400   -1.414100    0.087500
v   -0.314700   -1.323000    0.059500
v   -0.275400   -1.157700    0.035400
v   -0.213300   -0.896600    0.016600
v   -0.123200   -0.517900    0.004400
v    0.000000   -0.000000    0.000000
v    0.000000   -1.500000    0.150000
v    0.000000   -1.491700    0.118100
v    0.000000   -1.451900    0.087500
v    0.000000   -1.358300    0.059500
v    0.000000   -1.188600    0.035400
v    0.000000   -0.920600    0.016600
v    0.000000   -0.531800    0.004400
v    0.000000   -0.000000    0.000000
v    0.000000    1.500000    0.150000
v    0.000000    1.491700    0.118100
v    0.000000    1.451900    0.087500
v    0.000000    1.358300    0.059500
v    0.000000    1.188600    0.035400
v    0.000000    0.920600    0.016600
v    0.000000    0.531800    0.004400
v    0.000000   -0.000000    0.000000
v   -0.347600    1.461000    0.150000
v   -0.345700    1.452900    0.118100
v   -0.336400    1.414100    0.087500
v   -0.314700    1.323000    0.059500
v   -0.275400    1.157700    0.035400
v   -0.213300    0.896600    0.016600
v   -0.123200    0.517900    0.004400
v    0.000000   -0.000000    0.000000
v   -0.664700    1.349600    0.150000
v   -0.661000    1.342100    0.118100
v   -0.643400    1.306300    0.087500
v   -0.601900    1.222100    0.059500
v   -0.526700    1.069400    0.035400
v   -0.407900    0.828200    0.016600
v   -0.235700    0.478400    0.004400
v    0.000000   -0.000000    0.000000
v   -0.943000    1.174100    0.150000
v   -0.937800    1.167600    0.118100
v   -0.912800    1.136500    0.087500
v   -0.854000    1.063200    0.059500
v   -0.747300    0.930400    0.035400
v   -0.578700    0.720600    0.016600
v   -0.334300    0.416200    0.004400
v    0.000000   -0.000000    0.000000
v   -1.174100    0.943000    0.150000
v   -1.167600    0.937800    0.118100
v   -1.136500    0.912800    0.087500
v   -1.063200    0.854000    0.059500
v   -0.930400    0.747300    0.035400
v   -0.720600    0.578700    0.016600
v   -0.416200    0.334300    0.004400
v    0.000000   -0.000000    0.000000
v   -1.349600    0.664700    0.150000
v   -1.342100    0.661000    0.118100
v   -1.306300    0.643400    0.087500
v   -1.222100    0.601900    0.059500
v   -1.069400    0.526700    0.035400
v   -0.828200    0.407900    0.016600
v   -0.478400    0.235700    0.004400
v    0.000000   -0.000000    0.000000
v   -1.461000    0.347600    0.150000
v   -1.452900    0.345700    0.118100
v   -1.414100    0.336400    0.087500
v   -1.323000    0.314700    0.059500
v   -1.157700    0.275400    0.035400
v   -0.896600    0.213300    0.016600
v   -0.517900    0.123200    0.004400
v    0.000000   -0.000000    0.000000
v   -1.500000   -0.000000    0.150000
v   -1.491700   -0.000000    0.118100
v   -1.451900   -0.000000    0.087500
v   -1.358300   -0.000000    0.059500
v   -1.188600   -0.000000    0.035400
v   -0.920600   -0.000000    0.016600
v   -0.531800   -0.000000    0.004400
v    0.000000   -0.000000    0.000000
v    1.500000   -0.000000    0.150000
v    1.491700   -0.000000    0.118100
v    1.451900   -0.000000    0.087500
v    1.358300   -0.000000    0.059500
v    1.188600   -0.000000    0.035400
v    0.920600   -0.000000    0.016600
v    0.531800   -0.000000    0.004400
v    0.000000   -0.000000    0.000000
v    1.461000    0.347600    0.150000
v    1.452900    0.345700    0.118100
v    1.414100    0.336400    0.087500
v    1.323000    0.314700    0.059500
v    1.157700    0.275400    0.035400
v    0.896600    0.213300    0.016600
v    0.517900    0.123200    0.004400
v    0.000000   -0.000000    0.000000
v    1.349600    0.664700    0.150000
v    1.342100    0.661000    0.118100
v    1.306300    0.643400    0.087500
v    1.222100    0.601900    0.059500
v    1.069400    0.526700    0.035400
v    0.828200    0.407900    0.016600
v    0.478400    0.235700    0.004400
v    0.000000   -0.000000    0.000000
v    1.174100    0.943000    0.150000
v    1.167600    0.937800    0.118100
v    1.136500    0.912800    0.087500
v    1.063200    0.854000    0.059500
v    0.930400    0.747300    0.035400
v    0.720600    0.578700    0.016600
v    0.416200    0.334300    0.004400
v    0.000000   -0.000000    0.000000
v    0.943000    1.174100    0.150000
v    0.937800    1.167600    0.118100
v    0.912800    1.136500    0.087500
v    0.854000    1.063200    0.059500
v    0.747300    0.930400    0.035400
v    0.578700    0.720600    0.016600
v    0.334300    0.416200    0.004400
v    0.000000   -0.000000    0.000000
v    0.664700    1.349600    0.150000
v    0.661000    1.342100    0.118100
v    0.643400    1.306300    0.087500
v    0.601900    1.222100    0.059500
v    0.526700    1.069400    0.035400
v    0.407900    0.828200    0.016600
v    0.235700    0.478400    0.004400
v    0.000000   -0.000000    0.000000
v    0.347600    1.461000    0.150000
v    0.345700    1.452900    0.118100
v    0.336400    1.414100    0.087500
v    0.314700    1.323000    0.059500
v    0.275400    1.157700    0.035400
v    0.213300    0.896600    0.016600
v    0.123200    0.517900    0.004400
v    0.000000   -0.000000    0.000000
v    0.000000    1.500000    0.150000
v    0.000000    1.491700    0.118100
v    0.000000    1.451900    0.087500
v    0.000000    1.358300    0.059500
v    0.000000    1.188600    0.035400
v    0.000000    0.920600    0.016600
v    0.000000    0.531800    0.004400
v    0.000000   -0.000000    0.000000
f     1     9    10
f     2    10    11
f     3    11    12
f     4    12    13
f     5    13    14
f     6    14    15
f     7    15    16
f     9    17    18
f    10    18    19
f    11    19    20
f    12    20    21
f    13    21    22
f    14    22    23
f    15    23    24
f    17    25    26
f    18    26    27
f    19    27    28
f    20    28    29
f    21    29    30
f    22    30    31
f    23    31    32
f    25    33    34
f    26    34    35
f    27    35    36
f    28    36    37
f    29    37    38
f    30    38    39
f    31    39    40
f    33    41    42
f    34    42    43
f    35    43    44
f    36    44    45
f    37    45    46
f    38    46    47
f    39    47    48
f    41    49    50
f    42    50    51
f    43    51    52
f    44    52    53
f    45    53    54
f    46    54    55
f    47    55    56
f    49    57    58
f    50    58    59
f    51    59    60
f    52    60    61
f    53    61    62
f    54    62    63
f    55    63    64
f    65    73    74
f    66    74    75
f    67    75    76
f    68    76    77
f    69    77    78
f    70    78    79
f    71    79    80
f    73    81    82
f    74    82    83
f    75    83    84
f    76    84    85
f    77    85    86
f    78    86    87
f    79    87    88
f    81    89    90
f    82    90    91
f    83    91    92
f    84    92    93
f    85    93    94
f    86    94    95
f    87    95    96
f    89    97    98
f    90    98    99
f    91    99   100
f    92   100   101
f    93   101   102
f    94   102   103
f    95   103   104
f    97   105   106
f    98   106   107
f    99   107   108
f   100   108   109
f   101   109   110
f   102   110   111
f   103   111   112
f   105   113   114
f   106   114   115
f   107   115   116
f   108   116   117
f   109   117   118
f   110   118   119
f   111   119   120
f   113   121   122
f   114   122   123
f   115   123   124
f   116   124   125
f   117   125   126
f   118   126   127
f   119   127   128
f   129   137   138
f   130   138   139
f   131   139   140
f   132   140   141
f   133   141   142
f   134   142   143
f   135   143   144
f   137   145   146
f   138   146   147
f   139   147   148
f   140   148   149
f   141   149   150
f   142   150   151
f   143   151   152
f   145   153   154
f   146   154   155
f   147   155   156
f   148   156   157
f   149   157   158
f   150   158   159
f   151   159   160
f   153   161   162
f   154   162   163
f   155   163   164
f   156   164   165
f   157   165   166
f   158   166   167
f   159   167   168
f   161   169   170
f   162   170   171
f   163   171   172
f   164   172   173
f   165   173   174
f   166   174   175
f   167   175   176
f   169   177   178
f   170   178   179
f   171   179   180
f   172   180   181
f   173   181   182
f   174   182   183
f   175   183   184
f   177   185   186
f   178   186   187
f   179   187   188
f   180   188   189
f   181   189   190
f   182   190   191
f   183   191   192
f   193   201   202
f   194   202   203
f   195   203   204
f   196   204   205
f   197   205   206
f   198   206   207
f   199   207   208
f   201   209   210
f   202   210   211
f   203   211   212
f   204   212   213
f   205   213   214
f   206   214   215
f   207   215   216
f   209   217   218
f   210   218   219
f   211   219   220
f   212   220   221
f   213   221   222
f   214   222   223
f   215   223   224
f   217   225   226
f   218   226   227
f   219   227   228
f   220   228   229
f   221   229   230
f   222   230   231
f   223   231   232
f   225   233   234
f   226   234   235
f   227   235   236
f   228   236   237
f   229   237   238
f   230   238   239
f   231   239   240
f   233   241   242
f   234   242   243
f   235   243   244
f   236   244   245
f   237   245   246
f   238   246   247
f   239   247   248
f   241   249   250
f   242   250   251
f   243   251   252
f   244   252   253
f   245   253   254
f   246   254   255
f   247   255   256
f   257   265   266
f   258   266   267
f   259   267   268
f   260   268   269
f   261   269   270
f   262   270   271
f   263   271   272
f   265   273   274
f   266   274   275
f   267   275   276
f   268   276   277
f   269   277   278
f   270   278   279
f   271   279   280
f   273   281   282
f   274   282   283
f   275   283   284
f   276   284   285
f   277   285   286
f   278   286   287
f   279   287   288
f   281   289   290
f   282   290   291
f   283   291   292
f   284   292   293
f   285   293   294
f   286   294   295
f   287   295   296
f   289   297   298
f   290   298   299
f   291   299   300
f   292   300   301
f   293   301   302
f   294   302   303
f   295   303   304
f   297   305   306
f   298   306   307
f   299   307   308
f   300   308   309
f   301   309   310
f   302   310   311
f   303   311   312
f   305   313   314
f   306   314   315
f   307   315   316
f   308   316   317
f   309   317   318
f   310   318   319
f   311   319   320
f   321   329   330
f   322   330   331
f   323   331   332
f   324   332   333
f   325   333   334
f   326   334   335
f   327   335   336
f   329   337   338
f   330   338   339
f   331   339   340
f   332   340   341
f   333   341   342
f   334   342   343
f   335   343   344
f   337   345   346
f   338   346   347
f   339   347   348
f   340   348   349
f   341   349   350
f   342   350   351
f   343   351   352
f   345   353   354
f   346   354   355
f   347   355   356
f   348   356   357
f   349   357   358
f   350   358   359
f   351   359   360
f   353   361   362
f   354   362   363
f   355   363   364
f   356   364   365
f   357   365   366
f   358   366   367
f   359   367   368
f   361   369   370
f   362   370   371
f   363   371   372
f   364   372   373
f   365   373   374
f   366   374   375
f   367   375   376
f   369   377   378
f   370   378   379
f   371   379   380
f   372   380   381
f   373   381   382
f   374   382   383
f   375   383   384
f   385   393   394
f   386   394   395
f   387   395   396
f   388   396   397
f   389   397   398
f   390   398   399
f   391   399   400
f   393   401   402
f   394   402   403
f   395   403   404
f   396   404   405
f   397   405   406
f   398   406   407
f   399   407   408
f   401   409   410
f   402   410   411
f   403   411   412
f   404   412   413
f   405   413   414
f   406   414   415
f   407   415   416
f   409   417   418
f   410   418   419
f   411   419   420
f   412   420   421
f   413   421   422
f   414   422   423
f   415   423   424
f   417   425   426
f   418   426   427
f   419   427   428
f   420   428   429
f   421   429   430
f   422   430   431
f   423   431   432
f   425   433   434
f   426   434   435
f   427   435   436
f   428   436   437
f   429   437   438
f   430   438   439
f   431   439   440
f   433   441   442
f   434   442   443
f   435   443   444
f   436   444   445
f   437   445   446
f   438   446   447
f   439   447   448
f   449   457   458
f   450   458   459
f   451   459   460
f   452   460   461
f   453   461   462
f   454   462   463
f   455   463   464
f   457   465   466
f   458   466   467
f   459   467   468
f   460   468   469
f   461   469   470
f   462   470   471
f   463   471   472
f   465   473   474
f   466   474   475
f   467   475   476
f   468   476   477
f   469   477   478
f   470   478   479
f   471   479   480
f   473   481   482
f   474   482   483
f   475   483   484
f   476   484   485
f   477   485   486
f   478   486   487
f   479   487   488
f   481   489   490
f   482   490   491
f   483   491   492
f   484   492   493
f   485   493   494
f   486   494   495
f   487   495   496
f   489   497   498
f   490   498   499
f   491   499   500
f   492   500   501
f   493   501   502
f   494   502   503
f   495   503   504
f   497   505   506
f   498   506   507
f   499   507   508
f   500   508   509
f   501   509   510
f   502   510   511
f   503   511   512
f   513   521   522
f   514   522   523
f   515   523   524
f   516   524   525
f   517   525   526
f   518   526   527
f   519   527   528
f   521   529   530
f   522   530   531
f   523   531   532
f   524   532   533
f   525   533   534
f   526   534   535
f   527   535   536
f   529   537   538
f   530   538   539
f   531   539   540
f   532   540   541
f   533   541   542
f   534   542   543
f   535   543   544
f   537   545   546
f   538   546   547
f   539   547   548
f   540   548   549
f   541   549   550
f   542   550   551
f   543   551   552
f   545   553   554
f   546   554   555
f   547   555   556
f   548   556   557
f   549   557   558
f   550   558   559
f   551   559   560
f   553   561   562
f   554   562   563
f   555   563   564
f   556   564   565
f   557   565   566
f   558   566   567
f   559   567   568
f   561   569   570
f   562   570   571
f   563   571   572
f   564   572   573
f   565   573   574
f   566   574   575
f   567   575   576
f   577   585   586
f   578   586   587
f   579   587   588
f   580   588   589
f   581   589   590
f   582   590   591
f   583   591   592
f   585   593   594
f   586   594   595
f   587   595   596
f   588   596   597
f   589   597   598
f   590   598   599
f   591   599   600
f   593   601   602
f   594   602   603
f   595   603   604
f   596   604   605
f   597   605   606
f   598   606   607
f   599   607   608
f   601   609   610
f   602   610   611
f   603   611   612
f   604   612   613
f   605   613   614
f   606   614   615
f   607   615   616
f   609   617   618
f   610   618   619
f   611   619   620
f   612   620   621
f   613   621   622
f   614   622   623
f   615   623   624
f   617   625   626
f   618   626   627
f   619   627   628
f   620   628   629
f   621   629   630
f   622   630   631
f   623   631   632
f   625   633   634
f   626   634   635
f   627   635   636
f   628   636   637
f   629   637   638
f   630   638   639
f   631   639   640
f   641   649   650
f   642   650   651
f   643   651   652
f   644   652   653
f   645   653   654
f   646   654   655
f   647   655   656
f   649   657   658
f   650   658   659
f   651   659   660
f   652   660   661
f   653   661   662
f   654   662   663
f   655   663   664
f   657   665   666
f   658   666   667
f   659   667   668
f   660   668   669
f   661   669   670
f   662   670   671
f   663   671   672
f   665   673   674
f   666   674   675
f   667   675   676
f   668   676   677
f   669   677   678
f   670   678   679
f   671   679   680
f   673   681   682
f   674   682   683
f   675   683   684
f   676   684   685
f   677   685   686
f   678   686   687
f   679   687   688
f   681   689   690
f   682   690   691
f   683   691   692
f   684   692   693
f   685   693   694
f   686   694   695
f   687   695   696
f   689   697   698
f   690   698   699
f   691   699   700
f   692   700   701
f   693   701   702
f   694   702   703
f   695   703   704
f   705   713   714
f   706   714   715
f   707   715   716
f   708   716   717
f   709   717   718
f   710   718   719
f   711   719   720
f   713   721   722
f   714   722   723
f   715   723   724
f   716   724   725
f   717   725   726
f   718   726   727
f   719   727   728
f   721   729   730
f   722   730   731
f   723   731   732
f   724   732   733
f   725   733   734
f   726   734   735
f   727   735   736
f   729   737   738
f   730   738   739
f   731   739   740
f   732   740   741
f   733   741   742
f   734   742   743
f   735   743   744
f   737   745   746
f   738   746   747
f   739   747   748
f   740   748   749
f   741   749   750
f   742   750   751
f   743   751   752
f   745   753   754
f   746   754   755
f   747   755   756
f   748   756   757
f   749   757   758
f   750   758   759
f   751   759   760
f   753   761   762
f   754   762   763
f   755   763   764
f   756   764   765
f   757   765   766
f   758   766   767
f   759   767   768
f   769   777   778
f   770   778   779
f   771   779   780
f   772   780   781
f   773   781   782
f   774   782   783
f   775   783   784
f   777   785   786
f   778   786   787
f   779   787   788
f   780   788   789
f   781   789   790
f   782   790   791
f   783   791   792
f   785   793   794
f   786   794   795
f   787   795   796
f   788   796   797
f   789   797   798
f   790   798   799
f   791   799   800
f   793   801   802
f   794   802   803
f   795   803   804
f   796   804   805
f   797   805   806
f   798   806   807
f   799   807   808
f   801   809   810
f   802   810   811
f   803   811   812
f   804   812   813
f   805   813   814
f   806   814   815
f   807   815   816
f   809   817   818
f   810   818   819
f   811   819   820
f   812   820   821
f   813   821   822
f   814   822   823
f   815   823   824
f   817   825   826
f   818   826   827
f   819   827   828
f   820   828   829
f   821   829   830
f   822   830   831
f   823   831   832
f   833   841   842
f   834   842   843
f   835   843   844
f   836   844   845
f   837   845   846
f   838   846   847
f   839   847   848
f   841   849   850
f   842   850   851
f   843   851   852
f   844   852   853
f   845   853   854
f   846   854   855
f   847   855   856
f   849   857   858
f   850   858   859
f   851   859   860
f   852   860   861
f   853   861   862
f   854   862   863
f   855   863   864
f   857   865   866
f   858   866   867
f   859   867   868
f   860   868   869
f   861   869   870
f   862   870   871
f   863   871   872
f   865   873   874
f   866   874   875
f   867   875   876
f   868   876   877
f   869   877   878
f   870   878   879
f   871   879   880
f   873   881   882
f   874   882   883
f   875   883   884
f   876   884   885
f   877   885   886
f   878   886   887
f   879   887   888
f   881   889   890
f   882   890   891
f   883   891   892
f   884   892   893
f   885   893   894
f   886   894   895
f   887   895   896
f   897   905   906
f   898   906   907
f   899   907   908
f   900   908   909
f   901   909   910
f   902   910   911
f   903   911   912
f   905   913   914
f   906   914   915
f   907   915   916
f   908   916   917
f   909   917   918
f   910   918   919
f   911   919   920
f   913   921   922
f   914   922   923
f   915   923   924
f   916   924   925
f   917   925   926
f   918   926   927
f   919   927   928
f   921   929   930
f   922   930   931
f   923   931   932
f   924   932   933
f   925   933   934
f   926   934   935
f   927   935   936
f   929   937   938
f   930   938   939
f   931   939   940
f   932   940   941
f   933   941   942
f   934   942   943
f   935   943   944
f   937   945   946
f   938   946   947
f   939   947   948
f   940   948   949
f   941   949   950
f   942   950   951
f   943   951   952
f   945   953   954
f   946   954   955
f   947   955   956
f   948   956   957
f   949   957   958
f   950   958   959
f   951   959   960
f   961   969   970
f   962   970   971
f   963   971   972
f   964   972   973
f   965   973   974
f   966   974   975
f   967   975   976
f   969   977   978
f   970   978   979
f   971   979   980
f   972   980   981
f   973   981   982
f   974   982   983
f   975   983   984
f   977   985   986
f   978   986   987
f   979   987   988
f   980   988   989
f   981   989   990
f   982   990   991
f   983   991   992
f   985   993   994
f   986   994   995
f   987   995   996
f   988   996   997
f   989   997   998
f   990   998   999
f   991   999  1000
f   993  1001  1002
f   994  1002  1003
f   995  1003  1004
f   996  1004  1005
f   997  1005  1006
f   998  1006  1007
f   999  1007  1008
f  1001  1009  1010
f  1002  1010  1011
f  1003  1011  1012
f  1004  1012  1013
f  1005  1013  1014
f  1006  1014  1015
f  1007  1015  1016
f  1009  1017  1018
f  1010  1018  1019
f  1011  1019  1020
f  1012  1020  1021
f  1013  1021  1022
f  1014  1022  1023
f  1015  1023  1024
f  1025  1033  1034
f  1026  1034  1035
f  1027  1035  1036
f  1028  1036  1037
f  1029  1037  1038
f  1030  1038  1039
f  1031  1039  1040
f  1033  1041  1042
f  1034  1042  1043
f  1035  1043  1044
f  1036  1044  1045
f  1037  1045  1046
f  1038  1046  1047
f  1039  1047  1048
f  1041  1049  1050
f  1042  1050  1051
f  1043  1051  1052
f  1044  1052  1053
f  1045  1053  1054
f  1046  1054  1055
f  1047  1055  1056
f  1049  1057  1058
f  1050  1058  1059
f  1051  1059  1060
f  1052  1060  1061
f  1053  1061  1062
f  1054  1062  1063
f  1055  1063  1064
f  1057  1065  1066
f  1058  1066  1067
f  1059  1067  1068
f  1060  1068  1069
f  1061  1069  1070
f  1062  1070  1071
f  1063  1071  1072
f  1065  1073  1074
f  1066  1074  1075
f  1067  1075  1076
f  1068  1076  1077
f  1069  1077  1078
f  1070  1078  1079
f  1071  1079  1080
f  1073  1081  1082
f  1074  1082  1083
f  1075  1083  1084
f  1076  1084  1085
f  1077  1085  1086
f  1078  1086  1087
f  1079  1087  1088
f  1089  1097  1098
f  1090  1098  1099
f  1091  1099  1100
f  1092  1100  1101
f  1093  1101  1102
f  1094  1102  1103
f  1095  1103  1104
f  1097  1105  1106
f  1098  1106  1107
f  1099  1107  1108
f  1100  1108  1109
f  1101  1109  1110
f  1102  1110  1111
f  1103  1111  1112
f  1105  1113  1114
f  1106  1114  1115
f  1107  1115  1116
f  1108  1116  1117
f  1109  1117  1118
f  1110  1118  1119
f  1111  1119  1120
f  1113  1121  1122
f  1114  1122  1123
f  1115  1123  1124
f  1116  1124  1125
f  1117  1125  1126
f  1118  1126  1127
f  1119  1127  1128
f  1121  1129  1130
f  1122  1130  1131
f  1123  1131  1132
f  1124  1132  1133
f  1125  1133  1134
f  1126  1134  1135
f  1127  1135  1136
f  1129  1137  1138
f  1130  1138  1139
f  1131  1139  1140
f  1132  1140  1141
f  1133  1141  1142
f  1134  1142  1143
f  1135  1143  1144
f  1137  1145  1146
f  1138  1146  1147
f  1139  1147  1148
f  1140  1148  1149
f  1141  1149  1150
f  1142  1150  1151
f  1143  1151  1152
f  1153  1161  1162
f  1154  1162  1163
f  1155  1163  1164
f  1156  1164  1165
f  1157  1165  1166
f  1158  1166  1167
f  1159  1167  1168
f  1161  1169  1170
f  1162  1170  1171
f  1163  1171  1172
f  1164  1172  1173
f  1165  1173  1174
f  1166  1174  1175
f  1167  1175  1176
f  1169  1177  1178
f  1170  1178  1179
f  1171  1179  1180
f  1172  1180  1181
f  1173  1181  1182
f  1174  1182  1183
f  1175  1183  1184
f  1177  1185  1186
f  1178  1186  1187
f  1179  1187  1188
f  1180  1188  1189
f  1181  1189  1190
f  1182  1190  1191
f  1183  1191  1192
f  1185  1193  1194
f  1186  1194  1195
f  1187  1195  1196
f  1188  1196  1197
f  1189  1197  1198
f  1190  1198  1199
f  1191  1199  1200
f  1193  1201  1202
f  1194  1202  1203
f  1195  1203  1204
f  1196  1204  1205
f  1197  1205  1206
f  1198  1206  1207
f  1199  1207  1208
f  1201  1209  1210
f  1202  1210  1211
f  1203  1211  1212
f  1204  1212  1213
f  1205  1213  1214
f  1206  1214  1215
f  1207  1215  1216
f  1217  1225  1226
f  1218  1226  1227
f  1219  1227  1228
f  1220  1228  1229
f  1221  1229  1230
f  1222  1230  1231
f  1223  1231  1232
f  1225  1233  1234
f  1226  1234  1235
f  1227  1235  1236
f  1228  1236  1237
f  1229  1237  1238
f  1230  1238  1239
f  1231  1239  1240
f  1233  1241  1242
f  1234  1242  1243
f  1235  1243  1244
f  1236  1244  1245
f  1237  1245  1246
f  1238  1246  1247
f  1239  1247  1248
f  1241  1249  1250
f  1242  1250  1251
f  1243  1251  1252
f  1244  1252  1253
f  1245  1253  1254
f  1246  1254  1255
f  1247  1255  1256
f  1249  1257  1258
f  1250  1258  1259
f  1251  1259  1260
f  1252  1260  1261
f  1253  1261  1262
f  1254  1262  1263
f  1255  1263  1264
f  1257  1265  1266
f  1258  1266  1267
f  1259  1267  1268
f  1260  1268  1269
f  1261  1269  1270
f  1262  1270  1271
f  1263  1271  1272
f  1265  1273  1274
f  1266  1274  1275
f  1267  1275  1276
f  1268  1276  1277
f  1269  1277  1278
f  1270  1278  1279
f  1271  1279  1280
f  1281  1289  1290
f  1282  1290  1291
f  1283  1291  1292
f  1284  1292  1293
f  1285  1293  1294
f  1286  1294  1295
f  1287  1295  1296
f  1289  1297  1298
f  1290  1298  1299
f  1291  1299  1300
f  1292  1300  1301
f  1293  1301  1302
f  1294  1302  1303
f  1295  1303  1304
f  1297  1305  1306
f  1298  1306  1307
f  1299  1307  1308
f  1300  1308  1309
f  1301  1309  1310
f  1302  1310  1311
f  1303  1311  1312
f  1305  1313  1314
f  1306  1314  1315
f  1307  1315  1316
f  1308  1316  1317
f  1309  1317  1318
f  1310  1318  1319
f  1311  1319  1320
f  1313  1321  1322
f  1314  1322  1323
f  1315  1323  1324
f  1316  1324  1325
f  1317  1325  1326
f  1318  1326  1327
f  1319  1327  1328
f  1321  1329  1330
f  1322  1330  1331
f  1323  1331  1332
f  1324  1332  1333
f  1325  1333  1334
f  1326  1334  1335
f  1327  1335  1336
f  1329  1337  1338
f  1330  1338  1339
f  1331  1339  1340
f  1332  1340  1341
f  1333  1341  1342
f  1334  1342  1343
f  1335  1343  1344
f  1345  1353  1354
f  1346  1354  1355
f  1347  1355  1356
f  1348  1356  1357
f  1349  1357  1358
f  1350  1358  1359
f  1351  1359  1360
f  1353  1361  1362
f  1354  1362  1363
f  1355  1363  1364
f  1356  1364  1365
f  1357  1365  1366
f  1358  1366  1367
f  1359  1367  1368
f  1361  1369  1370
f  1362  1370  1371
f  1363  1371  1372
f  1364  1372  1373
f  1365  1373  1374
f  1366  1374  1375
f  1367  1375  1376
f  1369  1377  1378
f  1370  1378  1379
f  1371  1379  1380
f  1372  1380  1381
f  1373  1381  1382
f  1374  1382  1383
f  1375  1383  1384
f  1377  1385  1386
f  1378  1386  1387
f  1379  1387  1388
f  1380  1388  1389
f  1381  1389  1390
f  1382  1390  1391
f  1383  1391  1392
f  1385  1393  1394
f  1386  1394  1395
f  1387  1395  1396
f  1388  1396  1397
f  1389  1397  1398
f  1390  1398  1399
f  1391  1399  1400
f  1393  1401  1402
f  1394  1402  1403
f  1395  1403  1404
f  1396  1404  1405
f  1397  1405  1406
f  1398  1406  1407
f  1399  1407  1408
f  1409  1417  1418
f  1410  1418  1419
f  1411  1419  1420
f  1412  1420  1421
f  1413  1421  1422
f  1414  1422  1423
f  1415  1423  1424
f  1417  1425  1426
f  1418  1426  1427
f  1419  1427  1428
f  1420  1428  1429
f  1421  1429  1430
f  1422  1430  1431
f  1423  1431  1432
f  1425  1433  1434
f  1426  1434  1435
f  1427  1435  1436
f  1428  1436  1437
f  1429  1437  1438
f  1430  1438  1439
f  1431  1439  1440
f  1433  1441  1442
f  1434  1442  1443
f  1435  1443  1444
f  1436  1444  1445
f  1437  1445  1446
f  1438  1446  1447
f  1439  1447  1448
f  1441  1449  1450
f  1442  1450  1451
f  1443  1451  1452
f  1444  1452  1453
f  1445  1453  1454
f  1446  1454  1455
f  1447  1455  1456
f  1449  1457  1458
f  1450  1458  1459
f  1451  1459  1460
f  1452  1460  1461
f  1453  1461  1462
f  1454  1462  1463
f  1455  1463  1464
f  1457  1465  1466
f  1458  1466  1467
f  1459  1467  1468
f  1460  1468  1469
f  1461  1469  1470
f  1462  1470  1471
f  1463  1471  1472
f  1473  1481  1482
f  1474  1482  1483
f  1475  1483  1484
f  1476  1484  1485
f  1477  1485  1486
f  1478  1486  1487
f  1479  1487  1488
f  1481  1489  1490
f  1482  1490  1491
f  1483  1491  1492
f  1484  1492  1493
f  1485  1493  1494
f  1486  1494  1495
f  1487  1495  1496
f  1489  1497  1498
f  1490  1498  1499
f  1491  1499  1500
f  1492  1500  1501
f  1493  1501  1502
f  1494  1502  1503
f  1495  1503  1504
f  1497  1505  1506
f  1498  1506  1507
f  1499  1507  1508
f  1500  1508  1509
f  1501  1509  1510
f  1502  1510  1511
f  1503  1511  1512
f  1505  1513  1514
f  1506  1514  1515
f  1507  1515  1516
f  1508  1516  1517
f  1509  1517  1518
f  1510  1518  1519
f  1511  1519  1520
f  1513  1521  1522
f  1514  1522  1523
f  1515  1523  1524
f  1516  1524  1525
f  1517  1525  1526
f  1518  1526  1527
f  1519  1527  1528
f  1521  1529  1530
f  1522  1530  1531
f  1523  1531  1532
f  1524  1532  1533
f  1525  1533  1534
f  1526  1534  1535
f  1527  1535  1536
